今日(2023-06-15)共有0支新债上市,目前市面上活跃转债数量为497支
今日转股价变化监控：
123067.SZ 斯莱转债转股价昨日为9.96,今日为9.66,变化幅度为-3.01%
118022.SH 锂科转债转股价昨日为15.76,今日为15.53,变化幅度为-1.46%
113649.SH 丰山转债转股价昨日为13.8,今日为13.73,变化幅度为-0.51%
127052.SZ 西子转债转股价昨日为18.8,今日为18.7,变化幅度为-0.53%
118004.SH 博瑞转债转股价昨日为35.05,今日为34.94,变化幅度为-0.31%
110073.SH 国投转债转股价昨日为9.75,今日为9.66,变化幅度为-0.92%
113051.SH 节能转债转股价昨日为3.61,今日为3.52,变化幅度为-2.49%
123121.SZ 帝尔转债转股价昨日为119.47,今日为74.38,变化幅度为-37.74%
128136.SZ 立讯转债转股价昨日为57.5,今日为57.37,变化幅度为-0.23%
123104.SZ 卫宁转债转股价昨日为17.72,今日为17.71,变化幅度为-0.06%
113530.SH 大丰转债转股价昨日为16.1,今日为15.94,变化幅度为-0.99%
113609.SH 永安转债转股价昨日为14.93,今日为14.8,变化幅度为-0.87%
113633.SH 科沃转债转股价昨日为177.32,今日为176.42,变化幅度为-0.51%
113584.SH 家悦转债转股价昨日为35.9,今日为35.8,变化幅度为-0.28%
128109.SZ 楚江转债转股价昨日为8.38,今日为8.23,变化幅度为-1.79%
113582.SH 火炬转债转股价昨日为24.16,今日为24.15,变化幅度为-0.04%
111002.SH 特纸转债转股价昨日为14.7,今日为14.54,变化幅度为-1.09%
118003.SH 华兴转债转股价昨日为30.76,今日为30.46,变化幅度为-0.98%
110082.SH 宏发转债转股价昨日为51.32,今日为50.96,变化幅度为-0.7%
今日(2023-06-15)共有0支新债上市,目前市面上活跃转债数量为497支
今日转股价变化监控：
113582.SH 火炬转债转股价昨日为24.16,今日为24.15,变化幅度为-0.04%
118003.SH 华兴转债转股价昨日为30.76,今日为30.46,变化幅度为-0.98%
128109.SZ 楚江转债转股价昨日为8.38,今日为8.23,变化幅度为-1.79%
113051.SH 节能转债转股价昨日为3.61,今日为3.52,变化幅度为-2.49%
123121.SZ 帝尔转债转股价昨日为119.47,今日为74.38,变化幅度为-37.74%
118022.SH 锂科转债转股价昨日为15.76,今日为15.53,变化幅度为-1.46%
110082.SH 宏发转债转股价昨日为51.32,今日为50.96,变化幅度为-0.7%
118004.SH 博瑞转债转股价昨日为35.05,今日为34.94,变化幅度为-0.31%
128136.SZ 立讯转债转股价昨日为57.5,今日为57.37,变化幅度为-0.23%
113609.SH 永安转债转股价昨日为14.93,今日为14.8,变化幅度为-0.87%
110073.SH 国投转债转股价昨日为9.75,今日为9.66,变化幅度为-0.92%
113584.SH 家悦转债转股价昨日为35.9,今日为35.8,变化幅度为-0.28%
113633.SH 科沃转债转股价昨日为177.32,今日为176.42,变化幅度为-0.51%
111002.SH 特纸转债转股价昨日为14.7,今日为14.54,变化幅度为-1.09%
113530.SH 大丰转债转股价昨日为16.1,今日为15.94,变化幅度为-0.99%
123067.SZ 斯莱转债转股价昨日为9.96,今日为9.66,变化幅度为-3.01%
127052.SZ 西子转债转股价昨日为18.8,今日为18.7,变化幅度为-0.53%
113649.SH 丰山转债转股价昨日为13.8,今日为13.73,变化幅度为-0.51%
123104.SZ 卫宁转债转股价昨日为17.72,今日为17.71,变化幅度为-0.06%
