今日(2023-05-11)共有1支新债上市,目前市面上活跃转债数量为498支
今日转股价变化监控：
113524.SH 奇精转债转股价昨日为13.68,今日为13.53,变化幅度为-1.1%
123161.SZ 强联转债转股价昨日为86.69,今日为86.59,变化幅度为-0.12%
123135.SZ 泰林转债转股价昨日为54.43,今日为41.64,变化幅度为-23.5%
今日(2023-05-11)共有0支新债上市,目前市面上活跃转债数量为498支
今日转股价变化监控：
123161.SZ 强联转债转股价昨日为86.69,今日为86.59,变化幅度为-0.12%
123192.SZ 科思转债转股价昨日为nan,今日为53.03,变化幅度为nan%
123135.SZ 泰林转债转股价昨日为54.43,今日为41.64,变化幅度为-23.5%
113524.SH 奇精转债转股价昨日为13.68,今日为13.53,变化幅度为-1.1%
今日(2023-05-11)共有0支新债上市,目前市面上活跃转债数量为498支
今日转股价变化监控：
113524.SH 奇精转债转股价昨日为13.68,今日为13.53,变化幅度为-1.1%
123161.SZ 强联转债转股价昨日为86.69,今日为86.59,变化幅度为-0.12%
123135.SZ 泰林转债转股价昨日为54.43,今日为41.64,变化幅度为-23.5%
123192.SZ 科思转债转股价昨日为nan,今日为53.03,变化幅度为nan%
今日(2023-05-11)共有1支新债上市,目前市面上活跃转债数量为498支
今日转股价变化监控：
123135.SZ 泰林转债转股价昨日为54.43,今日为41.64,变化幅度为-23.5%
113524.SH 奇精转债转股价昨日为13.68,今日为13.53,变化幅度为-1.1%
123161.SZ 强联转债转股价昨日为86.69,今日为86.59,变化幅度为-0.12%
