今日(2023-06-14)共有0支新债上市,目前市面上活跃转债数量为497支
今日转股价变化监控：
123039.SZ 开润转债转股价昨日为29.82,今日为29.73,变化幅度为-0.3%
113046.SH 金田转债转股价昨日为10.64,今日为10.55,变化幅度为-0.85%
127044.SZ 蒙娜转债转股价昨日为26.72,今日为26.57,变化幅度为-0.56%
128140.SZ 润建转债转股价昨日为26.2,今日为25.95,变化幅度为-0.95%
128134.SZ 鸿路转债转股价昨日为33.22,今日为32.96,变化幅度为-0.78%
今日(2023-06-14)共有0支新债上市,目前市面上活跃转债数量为497支
今日转股价变化监控：
128140.SZ 润建转债转股价昨日为26.2,今日为25.95,变化幅度为-0.95%
113046.SH 金田转债转股价昨日为10.64,今日为10.55,变化幅度为-0.85%
127044.SZ 蒙娜转债转股价昨日为26.72,今日为26.57,变化幅度为-0.56%
128134.SZ 鸿路转债转股价昨日为33.22,今日为32.96,变化幅度为-0.78%
123039.SZ 开润转债转股价昨日为29.82,今日为29.73,变化幅度为-0.3%
