今日(2023-05-17)共有0支新债上市,目前市面上活跃转债数量为498支
今日转股价变化监控：
127039.SZ 北港转债转股价昨日为8.17,今日为8.0,变化幅度为-2.08%
123059.SZ 银信转债转股价昨日为9.65,今日为9.45,变化幅度为-2.07%
123063.SZ 大禹转债转股价昨日为4.72,今日为4.62,变化幅度为-2.12%
今日(2023-05-17)共有0支新债上市,目前市面上活跃转债数量为498支
今日转股价变化监控：
127039.SZ 北港转债转股价昨日为8.17,今日为8.0,变化幅度为-2.08%
123059.SZ 银信转债转股价昨日为9.65,今日为9.45,变化幅度为-2.07%
123063.SZ 大禹转债转股价昨日为4.72,今日为4.62,变化幅度为-2.12%
今日(2023-05-17)共有0支新债上市,目前市面上活跃转债数量为498支
今日转股价变化监控：
123063.SZ 大禹转债转股价昨日为4.72,今日为4.62,变化幅度为-2.12%
127039.SZ 北港转债转股价昨日为8.17,今日为8.0,变化幅度为-2.08%
123059.SZ 银信转债转股价昨日为9.65,今日为9.45,变化幅度为-2.07%
今日(2023-05-17)共有0支新债上市,目前市面上活跃转债数量为498支
今日转股价变化监控：
127039.SZ 北港转债转股价昨日为8.17,今日为8.0,变化幅度为-2.08%
123059.SZ 银信转债转股价昨日为9.65,今日为9.45,变化幅度为-2.07%
123063.SZ 大禹转债转股价昨日为4.72,今日为4.62,变化幅度为-2.12%
