今日(2023-05-24)共有0支新债上市,目前市面上活跃转债数量为500支
今日转股价变化监控：
123098.SZ 一品转债转股价昨日为25.3,今日为16.84,变化幅度为-33.44%
123091.SZ 长海转债转股价昨日为15.99,今日为15.79,变化幅度为-1.25%
123144.SZ 裕兴转债转股价昨日为13.97,今日为13.85,变化幅度为-0.86%
123178.SZ 花园转债转股价昨日为15.19,今日为15.05,变化幅度为-0.92%
127076.SZ 中宠转2转股价昨日为28.35,今日为28.3,变化幅度为-0.18%
今日(2023-05-24)共有0支新债上市,目前市面上活跃转债数量为500支
今日转股价变化监控：
123178.SZ 花园转债转股价昨日为15.19,今日为15.05,变化幅度为-0.92%
123098.SZ 一品转债转股价昨日为25.3,今日为16.84,变化幅度为-33.44%
123144.SZ 裕兴转债转股价昨日为13.97,今日为13.85,变化幅度为-0.86%
123091.SZ 长海转债转股价昨日为15.99,今日为15.79,变化幅度为-1.25%
127076.SZ 中宠转2转股价昨日为28.35,今日为28.3,变化幅度为-0.18%
