今日(2023-05-18)共有0支新债上市,目前市面上活跃转债数量为498支
今日转股价变化监控：
128035.SZ 大族转债转股价昨日为51.79,今日为51.59,变化幅度为-0.39%
111003.SH 聚合转债转股价昨日为14.42,今日为14.21,变化幅度为-1.46%
123120.SZ 隆华转债转股价昨日为7.75,今日为7.72,变化幅度为-0.39%
113594.SH 淳中转债转股价昨日为18.03,今日为17.93,变化幅度为-0.55%
123064.SZ 万孚转债转股价昨日为51.73,今日为51.23,变化幅度为-0.97%
今日(2023-05-18)共有0支新债上市,目前市面上活跃转债数量为498支
今日转股价变化监控：
111003.SH 聚合转债转股价昨日为14.42,今日为14.21,变化幅度为-1.46%
123064.SZ 万孚转债转股价昨日为51.73,今日为51.23,变化幅度为-0.97%
113594.SH 淳中转债转股价昨日为18.03,今日为17.93,变化幅度为-0.55%
128035.SZ 大族转债转股价昨日为51.79,今日为51.59,变化幅度为-0.39%
123120.SZ 隆华转债转股价昨日为7.75,今日为7.72,变化幅度为-0.39%
今日(2023-05-18)共有0支新债上市,目前市面上活跃转债数量为498支
今日转股价变化监控：
128035.SZ 大族转债转股价昨日为51.79,今日为51.59,变化幅度为-0.39%
123120.SZ 隆华转债转股价昨日为7.75,今日为7.72,变化幅度为-0.39%
123064.SZ 万孚转债转股价昨日为51.73,今日为51.23,变化幅度为-0.97%
113594.SH 淳中转债转股价昨日为18.03,今日为17.93,变化幅度为-0.55%
111003.SH 聚合转债转股价昨日为14.42,今日为14.21,变化幅度为-1.46%
今日(2023-05-18)共有0支新债上市,目前市面上活跃转债数量为498支
今日转股价变化监控：
123120.SZ 隆华转债转股价昨日为7.75,今日为7.72,变化幅度为-0.39%
123064.SZ 万孚转债转股价昨日为51.73,今日为51.23,变化幅度为-0.97%
111003.SH 聚合转债转股价昨日为14.42,今日为14.21,变化幅度为-1.46%
128035.SZ 大族转债转股价昨日为51.79,今日为51.59,变化幅度为-0.39%
113594.SH 淳中转债转股价昨日为18.03,今日为17.93,变化幅度为-0.55%
