今日(2023-05-29)共有1支新债上市,目前市面上活跃转债数量为500支
今日转股价变化监控：
113664.SH 大元转债转股价昨日为23.18,今日为22.48,变化幅度为-3.02%
113634.SH 珀莱转债转股价昨日为138.92,今日为98.61,变化幅度为-29.02%
128097.SZ 奥佳转债转股价昨日为10.05,今日为9.75,变化幅度为-2.99%
118027.SH 宏图转债转股价昨日为88.62,今日为63.21,变化幅度为-28.67%
123161.SZ 强联转债转股价昨日为86.59,今日为40.64,变化幅度为-53.07%
113662.SH 豪能转债转股价昨日为12.78,今日为12.6,变化幅度为-1.41%
今日(2023-05-29)共有0支新债上市,目前市面上活跃转债数量为500支
今日转股价变化监控：
123161.SZ 强联转债转股价昨日为86.59,今日为40.64,变化幅度为-53.07%
128097.SZ 奥佳转债转股价昨日为10.05,今日为9.75,变化幅度为-2.99%
118027.SH 宏图转债转股价昨日为88.62,今日为63.21,变化幅度为-28.67%
113662.SH 豪能转债转股价昨日为12.78,今日为12.6,变化幅度为-1.41%
113664.SH 大元转债转股价昨日为23.18,今日为22.48,变化幅度为-3.02%
113634.SH 珀莱转债转股价昨日为138.92,今日为98.61,变化幅度为-29.02%
123197.SZ 光力转债转股价昨日为nan,今日为21.46,变化幅度为nan%
今日(2023-05-29)共有0支新债上市,目前市面上活跃转债数量为500支
今日转股价变化监控：
123161.SZ 强联转债转股价昨日为86.59,今日为40.64,变化幅度为-53.07%
113634.SH 珀莱转债转股价昨日为138.92,今日为98.61,变化幅度为-29.02%
118027.SH 宏图转债转股价昨日为88.62,今日为63.21,变化幅度为-28.67%
113662.SH 豪能转债转股价昨日为12.78,今日为12.6,变化幅度为-1.41%
123197.SZ 光力转债转股价昨日为nan,今日为21.46,变化幅度为nan%
113664.SH 大元转债转股价昨日为23.18,今日为22.48,变化幅度为-3.02%
128097.SZ 奥佳转债转股价昨日为10.05,今日为9.75,变化幅度为-2.99%
