今日(2023-06-13)共有0支新债上市,目前市面上活跃转债数量为497支
今日转股价变化监控：
123149.SZ 通裕转债转股价昨日为2.77,今日为2.74,变化幅度为-1.08%
123145.SZ 药石转债转股价昨日为81.54,今日为81.44,变化幅度为-0.12%
113651.SH 松霖转债转股价昨日为16.58,今日为16.38,变化幅度为-1.21%
113665.SH 汇通转债转股价昨日为8.23,今日为8.21,变化幅度为-0.24%
123112.SZ 万讯转债转股价昨日为8.66,今日为8.46,变化幅度为-2.31%
110086.SH 精工转债转股价昨日为4.96,今日为4.92,变化幅度为-0.81%
113063.SH 赛轮转债转股价昨日为9.04,今日为8.89,变化幅度为-1.66%
今日(2023-06-13)共有0支新债上市,目前市面上活跃转债数量为497支
今日转股价变化监控：
123112.SZ 万讯转债转股价昨日为8.66,今日为8.46,变化幅度为-2.31%
113665.SH 汇通转债转股价昨日为8.23,今日为8.21,变化幅度为-0.24%
113063.SH 赛轮转债转股价昨日为9.04,今日为8.89,变化幅度为-1.66%
113651.SH 松霖转债转股价昨日为16.58,今日为16.38,变化幅度为-1.21%
110086.SH 精工转债转股价昨日为4.96,今日为4.92,变化幅度为-0.81%
123145.SZ 药石转债转股价昨日为81.54,今日为81.44,变化幅度为-0.12%
123149.SZ 通裕转债转股价昨日为2.77,今日为2.74,变化幅度为-1.08%
