今日(2023-05-12)共有0支新债上市,目前市面上活跃转债数量为498支
今日转股价变化监控：
128033.SZ 迪龙转债转股价昨日为8.26,今日为7.87,变化幅度为-4.72%
118014.SH 高测转债转股价昨日为84.81,今日为60.33,变化幅度为-28.86%
127062.SZ 垒知转债转股价昨日为7.75,今日为7.67,变化幅度为-1.03%
今日(2023-05-12)共有0支新债上市,目前市面上活跃转债数量为498支
今日转股价变化监控：
128033.SZ 迪龙转债转股价昨日为8.26,今日为7.87,变化幅度为-4.72%
127062.SZ 垒知转债转股价昨日为7.75,今日为7.67,变化幅度为-1.03%
118014.SH 高测转债转股价昨日为84.81,今日为60.33,变化幅度为-28.86%
今日(2023-05-12)共有0支新债上市,目前市面上活跃转债数量为498支
今日转股价变化监控：
127062.SZ 垒知转债转股价昨日为7.75,今日为7.67,变化幅度为-1.03%
118014.SH 高测转债转股价昨日为84.81,今日为60.33,变化幅度为-28.86%
128033.SZ 迪龙转债转股价昨日为8.26,今日为7.87,变化幅度为-4.72%
今日(2023-05-12)共有0支新债上市,目前市面上活跃转债数量为498支
今日转股价变化监控：
127062.SZ 垒知转债转股价昨日为7.75,今日为7.67,变化幅度为-1.03%
128033.SZ 迪龙转债转股价昨日为8.26,今日为7.87,变化幅度为-4.72%
118014.SH 高测转债转股价昨日为84.81,今日为60.33,变化幅度为-28.86%
今日(2023-05-12)共有0支新债上市,目前市面上活跃转债数量为498支
今日转股价变化监控：
127062.SZ 垒知转债转股价昨日为7.75,今日为7.67,变化幅度为-1.03%
128033.SZ 迪龙转债转股价昨日为8.26,今日为7.87,变化幅度为-4.72%
118014.SH 高测转债转股价昨日为84.81,今日为60.33,变化幅度为-28.86%
