今日(2023-06-02)共有0支新债上市,目前市面上活跃转债数量为498支
今日转股价变化监控：
123122.SZ 富瀚转债转股价昨日为92.65,今日为92.41,变化幅度为-0.26%
123135.SZ 泰林转债转股价昨日为41.64,今日为41.53,变化幅度为-0.26%
123088.SZ 威唐转债转股价昨日为20.68,今日为20.62,变化幅度为-0.29%
123112.SZ 万讯转债转股价昨日为8.73,今日为8.66,变化幅度为-0.8%
123179.SZ 立高转债转股价昨日为97.02,今日为96.52,变化幅度为-0.52%
123022.SZ 长信转债转股价昨日为6.0,今日为5.9,变化幅度为-1.67%
123192.SZ 科思转债转股价昨日为53.03,今日为52.03,变化幅度为-1.89%
123078.SZ 飞凯转债转股价昨日为15.49,今日为15.41,变化幅度为-0.52%
113619.SH 世运转债转股价昨日为19.32,今日为18.72,变化幅度为-3.11%
今日(2023-06-02)共有0支新债上市,目前市面上活跃转债数量为498支
今日转股价变化监控：
123135.SZ 泰林转债转股价昨日为41.64,今日为41.53,变化幅度为-0.26%
113619.SH 世运转债转股价昨日为19.32,今日为18.72,变化幅度为-3.11%
123022.SZ 长信转债转股价昨日为6.0,今日为5.9,变化幅度为-1.67%
123179.SZ 立高转债转股价昨日为97.02,今日为96.52,变化幅度为-0.52%
123078.SZ 飞凯转债转股价昨日为15.49,今日为15.41,变化幅度为-0.52%
123088.SZ 威唐转债转股价昨日为20.68,今日为20.62,变化幅度为-0.29%
123192.SZ 科思转债转股价昨日为53.03,今日为52.03,变化幅度为-1.89%
123122.SZ 富瀚转债转股价昨日为92.65,今日为92.41,变化幅度为-0.26%
123112.SZ 万讯转债转股价昨日为8.73,今日为8.66,变化幅度为-0.8%
今日(2023-06-02)共有0支新债上市,目前市面上活跃转债数量为498支
今日转股价变化监控：
123088.SZ 威唐转债转股价昨日为20.68,今日为20.62,变化幅度为-0.29%
123078.SZ 飞凯转债转股价昨日为15.49,今日为15.41,变化幅度为-0.52%
123112.SZ 万讯转债转股价昨日为8.73,今日为8.66,变化幅度为-0.8%
123135.SZ 泰林转债转股价昨日为41.64,今日为41.53,变化幅度为-0.26%
113619.SH 世运转债转股价昨日为19.32,今日为18.72,变化幅度为-3.11%
123022.SZ 长信转债转股价昨日为6.0,今日为5.9,变化幅度为-1.67%
123122.SZ 富瀚转债转股价昨日为92.65,今日为92.41,变化幅度为-0.26%
123192.SZ 科思转债转股价昨日为53.03,今日为52.03,变化幅度为-1.89%
123179.SZ 立高转债转股价昨日为97.02,今日为96.52,变化幅度为-0.52%
