今日(2023-05-09)共有2支新债上市,目前市面上活跃转债数量为497支
今日转股价变化监控：
128026.SZ 众兴转债转股价昨日为11.42,今日为11.12,变化幅度为-2.63%
123035.SZ 利德转债转股价昨日为6.91,今日为6.87,变化幅度为-0.58%
123015.SZ 蓝盾转债转股价昨日为1.35,今日为0.84,变化幅度为-37.78%
123087.SZ 明电转债转股价昨日为15.92,今日为15.57,变化幅度为-2.2%
今日(2023-05-09)共有0支新债上市,目前市面上活跃转债数量为497支
今日转股价变化监控：
123087.SZ 明电转债转股价昨日为15.92,今日为15.57,变化幅度为-2.2%
123035.SZ 利德转债转股价昨日为6.91,今日为6.87,变化幅度为-0.58%
123015.SZ 蓝盾转债转股价昨日为1.35,今日为0.84,变化幅度为-37.78%
123193.SZ 海能转债转股价昨日为nan,今日为33.47,变化幅度为nan%
113669.SH 景23转债转股价昨日为nan,今日为25.71,变化幅度为nan%
128026.SZ 众兴转债转股价昨日为11.42,今日为11.12,变化幅度为-2.63%
今日(2023-05-09)共有0支新债上市,目前市面上活跃转债数量为497支
今日转股价变化监控：
123193.SZ 海能转债转股价昨日为nan,今日为33.47,变化幅度为nan%
123087.SZ 明电转债转股价昨日为15.92,今日为15.57,变化幅度为-2.2%
123035.SZ 利德转债转股价昨日为6.91,今日为6.87,变化幅度为-0.58%
123015.SZ 蓝盾转债转股价昨日为1.35,今日为0.84,变化幅度为-37.78%
113669.SH 景23转债转股价昨日为nan,今日为25.71,变化幅度为nan%
128026.SZ 众兴转债转股价昨日为11.42,今日为11.12,变化幅度为-2.63%
今日(2023-05-09)共有2支新债上市,目前市面上活跃转债数量为497支
今日转股价变化监控：
123015.SZ 蓝盾转债转股价昨日为1.35,今日为0.84,变化幅度为-37.78%
128026.SZ 众兴转债转股价昨日为11.42,今日为11.12,变化幅度为-2.63%
123035.SZ 利德转债转股价昨日为6.91,今日为6.87,变化幅度为-0.58%
123087.SZ 明电转债转股价昨日为15.92,今日为15.57,变化幅度为-2.2%
