今日(2023-05-22)共有0支新债上市,目前市面上活跃转债数量为500支
今日转股价变化监控：
123150.SZ 九强转债转股价昨日为17.63,今日为17.53,变化幅度为-0.57%
127030.SZ 盛虹转债转股价昨日为13.41,今日为13.31,变化幅度为-0.75%
113546.SH 迪贝转债转股价昨日为13.8,今日为13.72,变化幅度为-0.58%
123165.SZ 回天转债转股价昨日为20.21,今日为15.45,变化幅度为-23.55%
118009.SH 华锐转债转股价昨日为130.91,今日为92.65,变化幅度为-29.23%
今日(2023-05-22)共有0支新债上市,目前市面上活跃转债数量为500支
今日转股价变化监控：
113546.SH 迪贝转债转股价昨日为13.8,今日为13.72,变化幅度为-0.58%
123150.SZ 九强转债转股价昨日为17.63,今日为17.53,变化幅度为-0.57%
123165.SZ 回天转债转股价昨日为20.21,今日为15.45,变化幅度为-23.55%
127030.SZ 盛虹转债转股价昨日为13.41,今日为13.31,变化幅度为-0.75%
118009.SH 华锐转债转股价昨日为130.91,今日为92.65,变化幅度为-29.23%
