今日(2023-06-28)共有0支新债上市,目前市面上活跃转债数量为496支
今日转股价变化监控：
123180.SZ 浙矿转债转股价昨日为48.79,今日为48.49,变化幅度为-0.61%
127065.SZ 瑞鹄转债转股价昨日为17.36,今日为17.06,变化幅度为-1.73%
113566.SH 翔港转债转股价昨日为10.77,今日为10.76,变化幅度为-0.09%
123155.SZ 中陆转债转股价昨日为31.8,今日为31.76,变化幅度为-0.13%
123141.SZ 宏丰转债转股价昨日为5.39,今日为5.37,变化幅度为-0.37%
113516.SH 苏农转债转股价昨日为5.21,今日为5.04,变化幅度为-3.26%
113042.SH 上银转债转股价昨日为10.23,今日为9.83,变化幅度为-3.91%
127020.SZ 中金转债转股价昨日为4.54,今日为4.44,变化幅度为-2.2%
118030.SH 睿创转债转股价昨日为40.09,今日为39.92,变化幅度为-0.42%
今日(2023-06-28)共有0支新债上市,目前市面上活跃转债数量为496支
今日转股价变化监控：
113516.SH 苏农转债转股价昨日为5.21,今日为5.04,变化幅度为-3.26%
127065.SZ 瑞鹄转债转股价昨日为17.36,今日为17.06,变化幅度为-1.73%
113042.SH 上银转债转股价昨日为10.23,今日为9.83,变化幅度为-3.91%
113566.SH 翔港转债转股价昨日为10.77,今日为10.76,变化幅度为-0.09%
118030.SH 睿创转债转股价昨日为40.09,今日为39.92,变化幅度为-0.42%
127020.SZ 中金转债转股价昨日为4.54,今日为4.44,变化幅度为-2.2%
123180.SZ 浙矿转债转股价昨日为48.79,今日为48.49,变化幅度为-0.61%
123155.SZ 中陆转债转股价昨日为31.8,今日为31.76,变化幅度为-0.13%
123141.SZ 宏丰转债转股价昨日为5.39,今日为5.37,变化幅度为-0.37%
